Run semi-empirical minimization
 &qmmm
    qm_theory='AM1', grms_tol=0.0005,
 scfconv=1.d-10, ndiis_attempts=700,   qmcharge=0,
 /
   1    H1      -14.7910       -3.7100       -1.9860 
   6    C2      -15.3580       -2.4280        0.4210 
   8    O3      -15.5770       -1.7950        1.4290 
   8    O4      -15.0700       -3.7640        0.4320 
   6    C5      -15.2950       -4.4550        1.6560 
   1    H6      -14.5150       -5.2090        1.7560 
   1    H7      -15.2740       -3.7670        2.5010 
   6    C8      -16.6490       -5.1330        1.5840 
   9    F9      -16.7010       -6.0410        0.5900 
   9   F10      -16.9050       -5.7710        2.7450 
   9   F11      -17.6370       -4.2410        1.3660 
   6   C12      -14.5790       -2.6390       -2.0070 
   1   H13      -13.5150       -2.5020       -1.7980 
   1   H14      -14.7610       -2.2540       -3.0110 
   6   C15      -15.4830       -1.8990       -1.0090 
   1   H16      -11.2880       -1.9540       -1.2670 
   6   C17      -13.0130       -0.3700        0.0770 
   1   H18      -13.3600       -0.1130        1.0820 
   6   C19      -11.0680       -0.9720        1.3320 
   8   O20      -11.1190       -0.5000        2.4440 
   8   O21      -10.7170       -2.2720        1.0990 
   6   C22      -10.5170       -3.0830        2.2530 
   1   H23       -9.7250       -3.7910        2.0160 
   1   H24      -10.2570       -2.4690        3.1160 
   6   C25      -11.7960       -3.8380        2.5540 
   9   F26      -12.1190       -4.6910        1.5570 
   9   F27      -11.6530       -4.5590        3.6840 
   9   F28      -12.8400       -2.9990        2.7160 
   6   C29      -10.8900       -0.9380       -1.2040 
   1   H30       -9.8020       -1.0070       -1.1930 
   1   H31      -11.1540       -0.3960       -2.1080 
   6   C32      -13.4380        0.5700       -2.3260 
   8   O33      -13.7480       -0.0740       -3.3010 
   8   O34      -12.5830        1.6300       -2.3970 
   6   C35      -12.1370        2.0450       -3.6860 
   1   H36      -11.0640        2.2200       -3.6200 
   1   H37      -12.3700        1.2890       -4.4370 
   6   C38      -12.8490        3.3390       -4.0250 
   9   F39      -12.5750        4.3070       -3.1300 
   9   F40      -12.4640        3.7710       -5.2420 
   9   F41      -14.1890        3.1700       -4.0410 
   6   C42      -15.3530       -0.3560       -1.0020 
   1   H43      -15.8420        0.0140       -1.9080 
   1   H44      -13.1830       -1.4420       -0.0290 
   1   H45      -15.9550       -0.0140       -0.1570 
   6   C46      -11.4430       -0.2270        0.0420 
   1   H47       -7.2760       -0.7700       -1.0020 
   6   C48       -8.5870        0.6120        0.9080 
   1   H49       -8.7890        0.6620        1.9810 
   6   C50       -6.6540       -0.5300        1.7270 
   8   O51       -6.4820       -0.3500        2.9130 
   8   O52       -6.6140       -1.7650        1.1680 
   6   C53       -6.3350       -2.8360        2.0690 
   1   H54       -5.3100       -2.7790        2.4340 
   1   H55       -7.0170       -2.8180        2.9220 
   6   C56       -6.5240       -4.1190        1.2900 
   9   F57       -7.8130       -4.2760        0.8970 
   9   F58       -5.7650       -4.1640        0.1870 
   9   F59       -6.2050       -5.1670        2.0740 
   6   C60       -6.6860        0.1070       -0.7270 
   1   H61       -5.6320       -0.1520       -0.8320 
   1   H62       -6.8750        0.9020       -1.4410 
   6   C63       -9.5040        1.7010        0.2580 
   6   C64       -9.0780        2.0120       -1.1780 
   8   O65       -9.4600        1.4360       -2.1720 
   8   O66       -8.1890        3.0420       -1.2340 
   6   C67       -7.7290        3.4360       -2.5270 
   1   H68       -6.6690        3.6590       -2.4340 
   1   H69       -7.8970        2.6420       -3.2550 
   6   C70       -8.4830        4.6780       -2.9570 
   9   F71       -8.2950        5.6980       -2.1030 
   9   F72       -8.0580        5.0650       -4.1770 
   9   F73       -9.8140        4.4490       -3.0290 
   6   C74      -11.0120        1.2500        0.2290 
   1   H75      -11.4880        1.8370       -0.5510 
   1   H76       -8.9290       -0.3680        0.5740 
   1   H77      -11.4450        1.5620        1.1820 
   6   C78       -7.0250        0.5560        0.7050 
   1   H79        4.6260        0.4160        3.1910 
   6   C80        3.0660        1.2020        1.1000 
   1   H81        2.9210        2.1780        0.6350 
   6   C82        5.2100        2.2520        1.2230 
   8   O83        5.5520        2.9740        0.3130 
   8   O84        5.2010        2.6590        2.5230 
   6   C85        5.4490        4.0450        2.7550 
   1   H86        5.9200        4.1240        3.7340 
   1   H87        6.0950        4.4610        1.9840 
   6   C88        4.1280        4.7920        2.7660 
   9   F89        3.3010        4.3280        3.7250 
   9   F90        4.3430        6.1010        2.9950 
   9   F91        3.4770        4.6730        1.5880 
   6   C92        4.9320       -0.0660        2.2610 
   1   H93        5.9950       -0.2980        2.3310 
   1   H94        4.4090       -1.0150        2.1720 
   1   H95        2.8250        1.3240        2.1580 
   6   C96        4.6090        0.8480        1.0640 
   1   H97        8.3390       -0.7560        2.3590 
   6   C98        7.5740        0.6040        0.1610 
   1   H99        7.6710        1.5520       -0.3730 
   6  C100        9.6940        1.3130        1.0120 
   8  O101       10.1340        2.2140        0.3350 
   8  O102        9.6950        1.3390        2.3740 
   6  C103       10.2410        2.5090        2.9770 
   1  H104       10.6900        2.2030        3.9220 
   1  H105       10.9880        2.9680        2.3300 
   6  C106        9.1250        3.5010        3.2490 
   9  F107        8.1970        2.9880        4.0880 
   9  F108        9.6240        4.6160        3.8150 
   9  F109        8.4810        3.8530        2.1170 
   6  C110        8.9460       -1.0700        1.5070 
   1  H111        9.9320       -1.3430        1.8850 
   1  H112        8.5230       -1.9760        1.0840 
   6  C113        6.4910       -0.2100       -0.6210 
   6  C114        6.5140       -1.7080       -0.3040 
   8  O115        5.8400       -2.2690        0.5330 
   8  O116        7.3760       -2.3870       -1.1080 
   6  C117        7.4510       -3.8030       -0.9450 
   1  H118        8.4990       -4.0790       -1.0350 
   1  H119        7.0520       -4.1020        0.0250 
   6  C120        6.6490       -4.4660       -2.0470 
   9  F121        7.1210       -4.1530       -3.2650 
   9  F122        6.7030       -5.8040       -1.9020 
   9  F123        5.3480       -4.0920       -2.0080 
   6  C124        5.0360        0.3050       -0.3190 
   1  H125        4.3790       -0.5220       -0.5710 
   1  H126        7.1800        0.8540        1.1460 
   1  H127        4.8360        1.1070       -1.0320 
   6  C128        9.0180        0.0500        0.4550 
   1  H129       12.2210       -2.1270        2.2550 
   6  C130       12.0660       -0.2380        0.3160 
   1  H131       12.2640        0.8020        0.0580 
   6  C132       13.8620        0.0640        1.9590 
   8  O133       13.2310        0.9670        2.4600 
   8  O134       15.1180       -0.2770        2.3730 
   6  C135       15.7070        0.5400        3.3800 
   1  H136       14.9410        1.0430        3.9720 
   1  H137       16.3200       -0.1100        4.0060 
   6  C138       16.6020        1.5840        2.7340 
   9  F139       15.9060        2.3930        1.9100 
   9  F140       17.1730        2.3420        3.6880 
   9  F141       17.5820        1.0130        2.0070 
   6  C142       13.0800       -2.2220        1.5840 
   1  H143       13.9500       -2.5340        2.1680 
   1  H144       12.8630       -3.0150        0.8670 
   6  C145       11.2440       -0.8230       -0.8780 
   6  C146       11.1960       -2.3500       -0.8520 
   8  O147       10.4480       -3.0290       -0.1830 
   8  O148       12.1100       -2.9010       -1.7010 
   6  C149       12.0910       -4.3170       -1.8520 
   1  H150       13.1190       -4.6280       -2.0350 
   1  H151       11.6830       -4.8010       -0.9640 
   6  C152       11.2450       -4.6910       -3.0580 
   9  F153       11.7650       -4.2160       -4.2010 
   9  F154       11.1680       -6.0320       -3.1530 
   9  F155        9.9870       -4.2050       -2.9530 
   6  C156        9.7500       -0.3160       -0.8590 
   1  H157        9.1580       -1.0700       -1.3710 
   1  H158       11.4230       -0.2000        1.1910 
   1  H159        9.7240        0.5870       -1.4720 
   6  C160       13.3760       -0.8820        0.8550 
   6  C161      -16.9610       -2.2190       -1.3770 
   1  H162      -17.1590       -3.2910       -1.2890 
   1  H163      -17.6560       -1.6860       -0.7200 
   1  H164      -17.1500       -1.9120       -2.4110 
   6  C165      -13.9760        0.3850       -0.9010 
   6  C166      -14.3070        1.7920       -0.3360 
   1  H167      -13.4280        2.4270       -0.2440 
   1  H168      -15.0220        2.3060       -0.9870 
   1  H169      -14.7620        1.6790        0.6520 
   6  C170       -9.5030        3.0000        1.1000 
   1  H171       -8.5370        3.4980        1.1290 
   1  H172      -10.2300        3.7120        0.6950 
   1  H173       -9.8010        2.7560        2.1240 
   6  C174        6.6740       -0.0150       -2.1470 
   1  H175        7.6200       -0.4040       -2.5180 
   1  H176        5.8700       -0.5180       -2.6950 
   1  H177        6.6250        1.0540       -2.3730 
   6  C178       11.8110       -0.3360       -2.2320 
   1  H179       12.8300       -0.6600       -2.4230 
   1  H180       11.1930       -0.7020       -3.0580 
   1  H181       11.7820        0.7570       -2.2450 
   1  H182       13.9800        1.2550       -1.7380 
   6  C183       14.4910       -1.1650       -0.1850 
   1  H184       15.1580       -1.9240        0.2350 
   6  C185       16.1490       -0.5890       -1.8580 
   8  O186       17.2330       -1.1180       -1.8370 
   8  O187       15.3710       -0.5140       -2.9890 
   6  C188       15.7780       -1.3040       -4.0980 
   1  H189       15.6540       -0.7120       -5.0060 
   1  H190       16.8140       -1.6260       -3.9840 
   6  C191       14.8730       -2.5220       -4.1770 
   9  F192       13.5880       -2.1780       -4.3750 
   9  F193       15.2540       -3.3220       -5.1880 
   9  F194       14.9270       -3.2420       -3.0280 
   6  C195       14.7530        1.3400       -0.9750 
   1  H196       15.5060        2.0510       -1.3310 
   1  H197       14.3120        1.7690       -0.0730 
   1  H198       14.0090       -1.6340       -1.0430 
   6  C199       15.4160       -0.0080       -0.6650 
   1  H200       16.1840        0.1470        0.0940 

